10001399651181:
10001399761181:1|20719392230066,
10001945881181:
10001946301177:
10001946891177:0.16|10003125591177,0.1|10003297171177,0.08|10003294401177,0.0769231|10002827001177,0.0769231|10003258030989,0.0769231|10003208731177,0.0769231|10002884920113,0.0769231|10003340900769,0.0769231|10003121840813,0.0769231|10002308561176,
10002136810102:0.222222|10002376330102,0.125|21159869300088,0.125|21158073670066,0.125|21089029930088,0.125|21159869210088,0.125|21159869280088,0.125|21159869190088,0.125|21159869340088,0.125|21159869240088,0.125|21033535581019,
10002136850102:0.333333|21233325382163,0.333333|21327110992171,0.333333|21598343172171,0.333333|10002136870102,0.333333|21743337792171,0.333333|21758452562171,0.25|21430910442171,0.2|21170388112171,0.166667|10002376340102,0.166667|10002137720102,
10002136870102:1|21233325382163,0.333333|10002136850102,0.0142857|10003388931181,
10002137380102:1|21877775063604,0.5|21346298963655,0.25|20898701143655,0.111111|10003408921177,0.0769231|10003414661177,0.00096432|20955042610322,
10002137410102:0.5|21957013661029,0.333333|10002137440102,0.142857|10003390850103,0.0144928|10003242900103,0.0108696|21779217390838,0.00316456|21634502622411,
10002137440102:0.333333|21039310331584,0.333333|21011277001584,0.333333|21039310361584,0.333333|20883910611584,0.333333|10002137410102,0.333333|21091029850858,0.333333|21411684581585,0.333333|21411697250859,0.333333|21311018870859,0.333333|20883910601584,
10002137630102:0.25|10003079690102,0.2|20524037000128,0.2|20425443531083,0.2|10003110930102,0.2|20800653263426,0.2|20854675781083,0.2|21028880201083,0.2|21085416801083,0.2|20746556503168,0.2|20742312180128,
10002137710102:0.5|10003286421177,0.5|10003201061177,0.5|20695018553602,0.5|10003056441177,0.5|20777123653602,0.5|20977369983602,0.5|20983662993602,0.5|21008140900077,0.5|20961012363607,0.5|10003209391177,
10002137720102:0.25|21598343172171,0.25|21635169160066,0.25|21707584130066,0.25|10003186961177,0.25|10003238650763,0.25|21743337792171,0.25|21758452562171,0.25|21937035910066,0.25|21448741931005,0.25|21327110992171,
10002137730102:0.333333|10003201061177,0.333333|10003286421177,0.333333|21080574723792,0.333333|21098153790095,0.333333|10003056441177,0.333333|21176246290097,0.333333|21231429573792,0.333333|21479429950063,0.333333|21008140900077,0.333333|10003209391177,
10002137770102:0.210526|10002674360102,0.1875|10002536330102,0.0833333|10002774770102,0.0833333|20565292021007,0.0833333|10002882400102,0.0833333|10003105571174,0.0833333|10003123940761,0.0833333|20695048573683,0.0833333|20883910601584,0.0833333|10003395050816,
10002138050102:0.25|21254363883616,0.25|20664991370404,0.25|21832440862044,0.25|21332670182037,0.25|21832440952044,0.25|21799378842037,0.25|21906458104118,0.25|21922133730404,0.25|21838862400927,0.25|21415801593616,
10002160940100:1|10003401120100,1|21196665533640,0.5|10002737790100,0.5|10002889630100,0.25|10003224580100,0.00184162|21587209263327,
10002160980100:1|21669386140069,1|21070211670069,1|21285078943926,1|21282587733926,1|21357025163926,1|21740864040066,1|21757179673926,1|21817331761006,1|21597832403926,1|10002161010100,
10002161010100:1|21669386140069,1|21070211670069,1|21285078943926,1|21282587733926,1|21357025163926,1|21740864040066,1|21757179673926,1|21817331761006,1|21597832403926,1|10002160980100,
10002161770100:1|21819468950506,1|21819469090506,0.5|10002866490100,0.2|10002835320100,0.0909091|10002866500100,
10002161780100:0.25|10003297040100,0.230769|10002866500100,0.2|10002889640100,0.2|10003274430103,0.2|10002453530100,0.2|10003301970760,0.2|10003330250100,0.2|20765845184048,0.2|10003193610760,0.2|10003181470101,
10002168560113:
10002168670113:1|10003258461186,0.5|10003178300771,0.5|10003348390771,0.5|20647565503168,0.166667|10003087460762,0.125|10003314750771,
10002168760113:1|10003354001186,1|21331657900780,
10002168800113:1|21372650733703,1|21659547073703,1|21569087803703,1|21708127023707,1|21717313263703,1|21592428343703,0.5|10003162850113,0.5|21288189853703,0.5|10003258740113,0.5|10002719800113,
10002169370113:
10002169810113:1|22003712111007,1|21713631941007,1|21569078200301,1|20944417923781,1|21256728073695,0.333333|20711601742461,0.333333|20262230740925,0.166667|20715900040301,0.125|10003352450767,0.00195312|21310754940634,
10002169881176:0.5|20356634733931,0.5|10003244151144,0.5|10003411200761,0.5|10003170821144,0.5|10003256950923,0.5|20409497480287,0.5|20659977303224,0.5|20786478791121,0.5|20663117643716,0.5|20560886270066,
10002169940113:1|10003040590113,1|10003040600113,1|21831794561008,0.5|20288782423726,0.5|20161910563126,0.5|10003040620113,0.5|20294333140624,0.5|20288829373726,0.5|20357330593168,0.5|20292439873176,
10002169950113:0.5|10003040600113,0.5|21831794561008,0.5|10003040590113,0.5|10002169940113,0.333333|10003207910113,0.25|10002741720103,0.25|10003040620113,0.25|20288829373726,0.25|20288782423726,0.25|20161910563126,
10002180880606:1|10003100790606,
10002180910606:1|10002181010606,1|10002181460606,1|10002342790606,0.5|10003218050606,
10002180950606:1|21470028173312,1|20891156863499,1|21107302043499,1|10003184780606,1|20619304813640,1|21494509913312,1|21509060304130,1|21542460463565,1|21136216703499,1|10002342480606,
10002180970606:0.5|10002180950606,0.5|20891156863499,0.5|21107302043499,0.5|10003184780606,0.5|20619304813640,0.5|21470028173312,0.5|21494509913312,0.5|21509060304130,0.5|21136216703499,0.5|10002342480606,
10002180990606:0.5|21147122310456,0.5|21175471620066,0.5|10003394640606,0.5|10002674640606,0.5|20776399873655,0.5|10002498910606,0.5|21519220483312,0.5|21623094520455,0.5|21512440750066,0.5|21299666030438,
10002181000606:
10002181010606:1|10002180910606,1|10002181460606,1|10002342790606,0.5|10003218050606,
10002181020606:0.25|10002689970606,0.25|10003298250606,0.25|10003348910606,0.25|10003184850606,0.25|10003296540606,0.25|21302818582410,0.25|21389357773302,0.25|21514400791008,0.25|10003348930606,0.25|10003298270606,
10002181030606:
10002181060606:
10002181080606:0.5|20644623502294,0.5|20771918911798,0.5|20810376911008,0.5|20399611110281,0.5|20616180462283,0.5|20691413292268,0.5|20970865252283,0.5|20986623750188,0.5|20886781012283,0.5|20803672231008,
10002181290606:0.5|20883229720434,0.5|21160164920066,0.5|21290663810434,0.5|20474058820445,0.5|21028200560434,0.5|10002682610606,0.5|21508116600434,0.5|21573582763482,0.5|21464489260434,0.5|21136670310066,
10002181320606:1|10003277700606,0.666667|10002342580606,0.5|10002682560606,0.5|10003391631175,0.5|10002181420606,0.5|20695315153792,0.5|20865729093655,0.5|20962501613792,0.5|10003399471177,0.5|10003188690606,
10002181420606:1|20865729093655,1|10003391631175,1|20962501613792,1|10002682560606,1|21434811043799,1|21900186843799,1|21934312013799,1|21985817443829,1|21883338083829,1|20695315153792,
10002181430606:1|21027408263184,1|21070723103184,1|20692332063188,1|21269290393188,1|10003119570769,1|21332187233225,1|21332187273225,1|21332187293225,1|21148983253184,1|20887028573184,
10002181460606:1|10002180910606,1|10002181010606,1|10002342790606,0.5|10003218050606,
10002181480606:0.5|21441001291008,0.111111|10003206821373,0.0285714|10003263611182,
10002181680606:0.5|20412383290382,0.5|20951131130363,0.025|21469557350305,
10002181710606:
10002181720606:0.5|20883429181432,0.5|21043264941432,0.5|21464895221432,0.5|21512665831432,
10002181790606:1|21598012630669,
10002188890599:0.2|21387738113931,0.142857|10002686090599,0.142857|10003377210601,0.142857|21387738103931,0.0909091|10003377070601,0.0555556|10003217540601,0.0243902|10003370930601,
10002190150601:0.5|21951882814228,0.5|20850335170081,0.5|21969187001003,0.5|20646414753166,0.333333|21566381050081,0.333333|10003322541144,0.333333|21892657080080,0.333333|21867039441003,0.25|21722958000064,0.25|21842274500081,
10002191410601:
10002191550602:1|21899047841001,1|21901444423131,1|21428014083131,1|20693327743131,0.333333|10003227370102,0.333333|21824190133374,0.2|10002861860761,0.2|10003233520761,0.166667|10003077750761,0.142857|21818988490192,
10002191650602:0.2|20587097973521,0.2|21047601851952,0.2|21166318981008,0.2|10002820040601,0.2|20672495713482,0.2|21245841871965,0.2|21245875881965,0.2|21246182381965,0.2|21081658400351,0.2|20293781123482,
10002191660602:0.0857143|10002191650602,0.0571429|10002336970602,0.030303|10002191670602,0.030303|20234291610368,0.030303|10002861961181,0.030303|10002820040601,0.030303|20293781123482,0.030303|20587097973521,0.030303|20601045190368,0.030303|10003262190760,
10002191670602:1|20601045190368,1|20234291610368,1|21707857720368,1|20624114200368,1|10002861961181,1|21282499020368,1|21893063080058,1|21686294330368,1|21350020430058,0.5|21360724430368,
10002191690602:0.333333|21012118933925,0.333333|21022313000765,0.333333|21381404190077,0.333333|21012118863925,0.333333|21596401433420,0.333333|21818990830765,0.333333|21855115131007,0.333333|21858897013672,0.333333|21653330290765,0.333333|20523244570097,
10002271370101:0.00158228|21539148400438,
10002271550101:1|20630650460617,
10002271600101:1|10002434090101,0.2|10003223460100,
10002272040101:0.5|20669821294048,0.5|10002504000101,0.5|20686986882177,0.5|20616344382185,0.5|20845245332177,0.5|20944518212303,0.5|20963131590885,0.5|21035986472175,0.5|20891820320879,0.5|20760252722303,
10002272050101:0.454545|10002272060101,0.222222|10003127600101,0.166667|10003069010101,0.125|20669821294048,0.125|20760252722303,0.125|10002504000101,0.125|20686986882177,0.125|20845245332177,0.125|20616344382185,0.125|20574917330230,
10002272060101:0.454545|10002272050101,0.222222|10003127600101,0.166667|10003069010101,0.125|20616344382185,0.125|20686986882177,0.125|10002504000101,0.125|20669821294048,0.125|20760252722303,0.125|20574917330230,0.125|20472549380496,
10002273950103:1|21354229191007,1|10002889920103,1|10003249100103,1|21553660570066,1|21455467512163,1|21861418011106,1|21991789840057,1|22017084120112,1|21958160782163,1|10002785310761,
10002273960103:0.333333|10003179090760,0.333333|20745170590317,0.333333|21224569693761,0.333333|10003212730760,0.333333|21002826833701,0.333333|20887594003761,0.333333|21242280430115,0.333333|21254825213701,0.333333|21047605841005,0.333333|20707971520773,
10002274080103:1|20715771950915,1|20776826000915,1|20902740562464,1|21196600860433,1|21032282750437,1|21219216050914,1|21247055790914,1|21310249350437,1|21101861470914,1|20268049860433,
10002274090103:0.5|21729909443301,0.5|10003385860103,0.5|21498665720377,0.5|20997671100434,0.5|21225976900281,0.5|21736072203592,0.5|21751556053897,0.5|21820035120115,0.5|21652559290434,0.5|21283840023631,
10002274100103:0.333333|10002274090103,0.25|10003385840103,0.25|10003248990103,0.2|10003305250103,0.166667|10003246500103,0.142857|10003356620103,0.111111|10003376550103,0.0416667|21849578760063,0.0232558|10003324871177,0.0208333|10003277030815,
10002274120103:1|10002337820103,1|10002275420103,1|10002361510110,1|10002361480110,1|10002361460110,1|10002363110053,1|10002427850484,1|10002452810923,1|10002408310814,1|10002274330103,
10002274260103:
10002274310103:0.333333|20319157671019,0.333333|10002649270103,0.333333|20596237473937,0.333333|20289616243312,0.333333|20797458290069,0.333333|20835847760644,0.333333|21249223261645,0.333333|21277016541019,0.333333|21095802673677,0.333333|10002532650103,
10002274330103:1|10002337820103,1|10002275420103,1|10002361510110,1|10002361480110,1|10002361460110,1|10002363110053,1|10002427850484,1|10002452810923,1|10002408310814,1|10002274120103,
10002274550103:1|20747463010902,1|21593339380885,
10002274780103:0.5|21325481320670,0.5|21142467440225,0.5|21516200340927,0.5|21030025610927,0.5|21142467650225,0.5|21603492410225,0.5|21785476222268,0.5|21794201052268,0.5|20233074490308,0.5|21169187890670,
10002274990103:0.333333|10003376580103,0.333333|10003248990103,0.25|10003246500103,0.2|10003407230103,0.2|21466931744302,0.2|21559577470913,0.2|21244448350778,0.2|21565213953500,0.2|21307945782402,0.2|10003376570103,
10002275120103:
10002275170103:0.0192308|10003215851181,
10002275180103:1|10002445240103,1|10003060930103,1|21659573904002,1|21469219224002,1|21457468174003,1|21457278784003,0.333333|10003347790103,0.25|10002337860103,0.166667|21148202052436,0.166667|10002913540103,
10002275190103:0.333333|10002832270103,
10002275210103:0.5|10002907910103,0.333333|10003046110103,0.333333|10002445150103,0.333333|10003274630103,0.333333|20711771500288,0.333333|20512473620288,0.333333|20827012593395,0.333333|21536685311074,0.333333|21334690813500,0.333333|20683122492131,
10002275420103:1|10002337820103,1|10002274330103,1|10002361510110,1|10002361480110,1|10002361460110,1|10002363110053,1|10002427850484,1|10002452810923,1|10002408310814,1|10002274120103,
10002275760103:1|10003045050103,1|21737774251008,1|21023276651008,1|21226120081008,1|21068011481008,1|21753802331008,1|21859177991008,0.5|21082622633531,0.333333|10003322740103,0.333333|10003297520103,
10002275780103:0.166667|10003110950103,
10002275900103:0.5|10003407230103,0.5|10003376570103,0.5|20606762713707,0.5|20871616893643,0.5|10003197720764,0.5|21018089553643,0.5|21100048610283,0.5|21115239293651,0.5|21030889363741,0.5|20694818353702,
10002303461181:0.25|10003307380760,
10002306551176:
10002307081176:1|21976852150993,1|21732894853124,1|21806506033124,1|10003183981176,1|21890314870115,1|21901846053123,1|21806505953124,0.5|21153275750514,0.333333|10002826040102,0.333333|10003386141181,
10002307291176:1|20925596570849,1|21919647950849,1|21962461140849,0.166667|10003352291181,0.0714286|10003362721181,0.000651042|21478214620376,
10002307351176:0.5|10002676331176,0.25|10002274120103,0.25|10002337820103,0.25|10002274330103,0.25|10002361480110,0.25|10002361510110,0.25|10002408310814,0.25|10002361460110,0.25|10002427850484,0.25|10002363110053,
10002307611176:1|10002890251176,0.333333|10002891421176,0.25|10002482891176,0.2|10002773291176,0.0769231|10003374801176,0.0526316|10003089571176,0.000475511|10003364331181,0.00032175|10003272801181,
10002307931176:
10002307971176:0.0909091|20753917920335,0.0909091|20333650580905,0.0909091|21304872752284,0.0909091|21265697691503,0.0909091|20551159670637,0.0909091|21304872782284,0.0909091|21428338310115,0.0909091|21455436430361,0.0909091|21121857610316,0.0909091|10003159591174,
10002308161176:0.333333|21355807771429,0.2|20659725272454,
10002308191176:1|10003275821176,1|10003303550760,
10002308341176:1|10002337641176,1|10003390101176,1|10003110091176,1|10002672811176,1|21799589153931,1|21254951453777,0.5|10003390131176,0.5|10002784361176,0.5|10003390151176,0.5|10002710111176,
10002308561176:1|20558100711005,1|20651454043717,1|20938072211007,1|21117794260773,1|10003121840813,1|21139723183717,1|21272279651005,1|21313414121007,1|20764538453717,1|10003340900769,
10002308571176:1|10003329661176,0.333333|10003329671176,
10002308861176:0.2|10002764971176,0.2|10002931961176,0.00212314|10003216881176,
10002308871176:0.25|21567858031932,
10002308891176:1|10002895340053,1|10002739430053,1|10003184540098,1|10002641460601,1|10002578880053,1|10003245131186,1|10003282570601,1|10003300821176,1|10002411740098,1|10002818031177,
10002310391177:1|10002610181177,1|21268897393598,1|21869074811008,1|21306604043883,1|21734495062513,1|21945228430286,1|21806432661030,0.5|21427197913279,0.5|10003244451177,0.333333|21292053233284,
10002312511182:
10002312561182:0.666667|10002885141182,0.666667|10002801381182,0.5|10003242821186,0.5|21285596973926,0.5|20655175403659,0.5|20611069313927,0.5|21290954463926,0.5|21323140183926,0.5|21290954473926,0.5|20871593981146,
10002313420073:0.214286|10002377520073,0.138889|10002615980073,0.136364|10002401430073,0.0833333|20842151221579,0.0833333|10002444260073,0.0833333|21222078761794,0.0833333|10003166930601,0.0833333|21567821100433,0.0833333|21284464843213,0.0833333|10003217590601,
10002314241179:
10002314251179:1|21345418540079,1|21458934610079,1|21722196700678,0.25|21716846280678,
10002321730761:0.5|21519654880331,0.5|21311327410925,0.5|21108217740358,0.5|21270103800311,0.5|21902787250363,0.5|21675498720869,0.5|21910992400363,0.5|21696281830363,0.333333|20612827440607,0.25|21600370060607,
10002322300761:0.00297619|10003210831180,
10002322370761:1|20692854122197,1|21596373260279,1|21912228540279,0.5|10002816050762,0.5|21737765740778,0.5|21881914880778,0.2|10003219230762,
10002322950761:1|20702965283928,1|10003173570764,1|20456265730512,1|10002706790764,1|10003209560769,1|20711341520105,1|20731718043485,1|20770661770115,1|20695100233673,1|10003040050103,
10002322970761:0.333333|20896174011005,
10002323160761:0.333333|10003404821373,0.333333|10002785300761,0.333333|10003234470761,0.333333|10003099770761,0.333333|10002785320761,0.333333|10003404831373,0.333333|10003407080761,0.333333|20734373593726,0.333333|10003171840761,0.333333|10003055100761,
10002323560761:0.333333|10003054600761,0.2|10002861860761,0.2|10003054770761,0.2|10003233520761,0.166667|10003077750761,0.111111|10003236270761,0.0555556|10003211530761,
10002323740761:0.0862069|10002705870761,0.0666667|10002799440761,0.0666667|10003254200761,0.0625|10003046370850,0.0625|10002870860113,0.0625|10002851990770,0.0625|10003046500850,0.0625|10002671060606,0.0625|10003187421177,0.0625|10002898990761,
10002323770761:0.111111|21323300471007,0.0909091|10003265540761,0.0833333|10003235200761,0.0740741|10003233140761,0.0606061|10002819310761,0.0555556|20672315671007,0.0555556|20233502540342,0.0555556|10002858210103,0.0555556|20716326121007,0.0555556|10003265480761,
10002324730761:0.5|20680254211424,0.5|10003213361177,0.5|10002912731180,0.5|20923997903984,0.5|21277282341867,0.5|20924000453984,0.5|21339173841869,0.5|21394096021860,0.5|21313612031866,0.5|21239184101860,
10002324740761:0.5|10002757410761,0.5|10003233730761,0.5|21559659541007,0.5|21760059981007,0.5|21814813401007,0.5|21862256221007,0.333333|10002324730761,0.333333|21965423440281,
10002324790761:0.00578035|21866385602433,
10002324800761:1|20692279773766,1|21300399053766,1|20888684923769,1|21224035693766,1|21050772583766,1|21485729493766,1|21551294773753,1|21788292373766,1|20528201803650,1|21201009753766,
10002324840761:
10002324900761:1|21526289170087,1|10002772140761,1|21830720670998,0.5|21713620860087,0.2|10003270651178,0.0714286|10003275501177,0.0588235|10003275091178,0.037037|10003275481177,0.0131579|10003302731177,0.00819672|10003261001177,
10002325400761:0.5|21856987231007,0.5|21865265681007,0.5|21896505581007,0.5|21921505091007,0.25|21334436570428,0.125|10003235950761,
10002326840762:1|20979401503416,1|21007654093494,1|20640233801490,1|20954429443978,1|20714072900287,1|21044512080506,1|21071208820994,1|21085257432169,1|21059622221008,1|20806514923426,
10002327540082:1|10002750251179,1|10002920650764,1|21359839660085,0.5|10002391610769,0.5|10002893061177,0.333333|10002675900815,0.25|10002904370103,0.25|10003197110761,
10002329080082:1|10002507600082,0.333333|10003083940082,0.166667|10002723230082,0.0625|10003233310761,0.0013459|21795223812189,0.00120627|21449129950921,
10002336970602:0.25|21047601851952,0.25|20293781123482,0.25|21245875881965,0.25|20672495713482,0.25|21218734890142,0.25|21245841871965,0.25|21246329581950,0.25|21297080813482,0.25|21246182381965,0.25|20587097973521,
10002337090103:1|10002337100103,0.5|10003040870103,0.00641026|21260251592285,
10002337100103:1|10002337090103,0.5|10003040870103,0.00641026|21260251592285,
10002337130606:1|21111654894026,1|21780384830871,1|22015064860057,0.25|21150527800331,0.0769231|10003276411181,0.047619|10003281221181,0.0357143|10003179360972,0.0333333|10003336690972,0.0294118|10003276431181,0.00096432|20955042610322,
10002337220606:0.00116279|21812027863314,
10002337641176:1|10002308341176,1|10003390101176,1|10003110091176,1|10002672811176,1|21799589153931,1|21254951453777,0.5|10003390131176,0.5|10002784361176,0.5|10003390151176,0.5|10002710111176,
10002337820103:1|10002274330103,1|10002274120103,1|10002361510110,1|10002361480110,1|10002361460110,1|10002363110053,1|10002427850484,1|10002452810923,1|10002408310814,1|10002275420103,
10002337840103:0.5|10003198861181,0.5|10003107711181,0.5|10003107741181,0.5|10003188501179,0.5|10003382001181,0.5|10003381941181,0.5|21310331530286,0.5|21337520920678,0.5|21310331490286,0.5|10003382631181,
10002337860103:0.25|20789145910356,0.25|10003060930103,0.25|21457278784003,0.25|10002275180103,0.25|10002337960103,0.25|21469219224002,0.25|21514411570097,0.25|21655959643482,0.25|21457468174003,0.25|10002445240103,
10002337880103:0.214286|10002337860103,0.176471|21757786664042,0.142857|21117456853482,0.133333|21631865511008,0.117647|10002337900103,0.0769231|10002891220769,0.0769231|20672500263482,0.0769231|10003315000769,0.0769231|10002337960103,0.0769231|20487513980316,
10002337890103:0.25|10003239570763,0.25|10003269890763,0.25|20240372163554,0.25|10003265360763,0.25|10003265370763,0.25|10003269220763,0.25|20613355190849,0.25|20668636622279,0.25|20319073322132,0.25|10003267470763,
10002337900103:0.166667|20394310023370,0.166667|10002337960103,0.166667|20789145910356,0.166667|20623885960230,0.166667|20694906573714,0.166667|20689449640230,0.166667|20828948770364,0.166667|20834469670230,0.166667|20758579310644,0.166667|20487513980316,
10002337910103:0.2|20813513863129,0.2|20813513653129,0.2|21403910763168,0.2|20789145910356,0.2|10002337960103,0.2|21361252890135,0.2|21403910883168,0.2|21570733544242,0.2|21331854761511,0.2|20738558183129,
10002337920103:0.333333|10002274330103,0.333333|10002337960103,0.333333|10002337820103,0.333333|10002361460110,0.333333|10002274120103,0.333333|10002361510110,0.333333|10002363110053,0.333333|10002408310814,0.333333|10002361480110,0.333333|10002275420103,
10002337960103:1|20789145910356,0.333333|10002337920103,0.25|10002337860103,0.2|10002337910103,0.166667|10002337900103,0.0769231|10002337880103,0.0714286|21734397520755,0.04|21845486414234,0.0166667|20544052870137,0.00284091|20935003130368,
10002340190606:
10002341841175:1|10003341461175,1|10003342941175,1|10003098001175,1|10003345101175,0.5|10003291251175,0.333333|10003387771175,0.333333|10003281401175,0.25|10003326951175,0.25|10003386781175,0.2|10003311291175,
10002342440606:0.285714|10002342600606,0.25|10002180950606,0.25|20360199851443,0.25|10003184780606,0.25|20360199891443,0.25|20360199861443,0.25|20360199911443,0.25|20498891752284,0.25|20360199871443,0.25|10002342480606,
10002342480606:1|10002180950606,1|20891156863499,1|21107302043499,1|10003184780606,1|21136216703499,1|21494509913312,1|21509060304130,1|21542460463565,1|21470028173312,1|20619304813640,
10002342580606:0.666667|10002181320606,0.666667|10003277700606,0.428571|10002616230606,0.4|10003188690606,0.333333|10002682560606,0.333333|10003399471177,0.333333|10002181420606,0.333333|20695315153792,0.333333|10003391631175,0.333333|10003264410606,
10002342600606:0.4|10002761940606,0.285714|10002342440606,0.285714|10002475440606,0.2|10002689970606,0.2|10003184850606,0.2|10003296540606,0.2|10002342480606,0.2|10003298250606,0.2|10003184780606,0.2|10002180950606,
10002342790606:1|10002180910606,1|10002181010606,1|10002181460606,0.5|10003218050606,
10002343841179:1|21634666580931,1|21918227561001,0.5|20709438071001,0.5|20869949600931,0.5|21580021911001,0.333333|10003117441179,
10002346081181:0.333333|20793651060512,0.333333|20394083420286,0.333333|20887002880420,0.333333|10002436491177,0.333333|10002879241177,0.333333|20827628130420,0.333333|21203100400624,0.333333|21244615890286,0.333333|21201151970668,0.333333|21195409270624,
10002347800103:0.00390625|10002852000446,
10002361450110:1|10002919430110,1|10003403580110,1|21019512830308,1|10003357080110,1|21020576910308,1|10003403590110,1|21726964750308,1|21726969040308,1|21726964860308,1|10003357060110,
10002361460110:1|10002274330103,1|10002337820103,1|10002274120103,1|10002361480110,1|10002275420103,1|10002363110053,1|10002427850484,1|10002452810923,1|10002408310814,1|10002361510110,
10002361470110:1|10002361490110,0.5|10002274120103,0.5|10002361480110,0.5|10002337820103,0.5|10002274330103,0.5|10002275420103,0.5|10002363110053,0.5|10002408310814,0.5|10002361510110,0.5|10002361460110,
10002361480110:1|10002274330103,1|10002337820103,1|10002274120103,1|10002363110053,1|10002275420103,1|10002408310814,1|10002427850484,1|10002452810923,1|10002361510110,1|10002361460110,
10002361490110:1|10002361470110,0.5|10002274120103,0.5|10002361480110,0.5|10002337820103,0.5|10002275420103,0.5|10002274330103,0.5|10002363110053,0.5|10002408310814,0.5|10002361510110,0.5|10002361460110,
10002361500110:0.333333|10002274330103,0.333333|10002361480110,0.333333|10002337820103,0.333333|10002361460110,0.333333|10002275420103,0.333333|10002274120103,0.333333|10002363110053,0.333333|10002408310814,0.333333|10002361510110,0.333333|10002361450110,
10002361510110:1|10002361480110,1|10002337820103,1|10002274120103,1|10002274330103,1|10002275420103,1|10002408310814,1|10002427850484,1|10002452810923,1|10002363110053,1|10002361460110,
10002361530110:0.4|10002919420110,0.333333|10002784400110,0.25|10002361480110,0.25|10002274120103,0.25|10002337820103,0.25|10002274330103,0.25|10002363110053,0.25|10002408310814,0.25|10002275420103,0.25|10002427850484,
10002361570110:
10002361700110:0.333333|10002361480110,0.333333|10002337820103,0.333333|10002274120103,0.333333|10002274330103,0.333333|10002275420103,0.333333|10002363110053,0.333333|10002408310814,0.333333|10002427850484,0.333333|10002361510110,0.333333|10002361460110,
10002363110053:1|10002361480110,1|10002337820103,1|10002274120103,1|10002274330103,1|10002275420103,1|10002408310814,1|10002427850484,1|10002452810923,1|10002361510110,1|10002361460110,
10002363380053:0.25|10002361480110,0.25|10002337820103,0.25|10002274120103,0.25|10002274330103,0.25|10002275420103,0.25|10002363110053,0.25|10002408310814,0.25|10002427850484,0.25|10002361510110,0.25|10002361460110,
10002363510053:1|10002817360053,1|21809247221140,0.5|10002760170053,
10002363980053:0.333333|10003385031175,0.166667|10003385041175,0.0166667|10003375501175,
10002364000053:1|21855378921481,1|21861072881477,1|21922031481477,1|21922031981477,1|21852996291477,1|21935470121477,1|21949976784188,1|21951317331067,1|21864910060846,1|21863213991481,
10002364790053:1|21895598530059,1|21911418020063,1|21976629100079,1|21034138780063,1|21323128830063,1|21898378310059,1|21908057351135,1|10003350080053,0.5|10003086710053,0.333333|21898348360059,
10002366120053:1|10003374100053,1|10002607000053,1|10003079130053,1|21974128420224,1|10003124790053,1|10003190680053,0.5|10002649030053,0.2|10003099640053,0.125|10003227510102,0.0625|10002785970053,
10002367610766:0.2|21909427030471,0.111111|10003277690606,0.0769231|10003275760766,0.0526316|10003263490766,0.0526316|10003364311181,0.0175439|10003041940606,0.0163934|10003211830766,0.0117647|20783488952189,0.00126904|21731960592177,0.00115741|21812027863314,
10002367660766:0.333333|10003352010766,0.0666667|10003350490766,0.04|10003345180766,0.0285714|10003355291181,0.0222222|10003345170766,0.0114943|10003377841181,
10002367890766:1|21761621323165,1|10003362991186,1|10003379271186,1|21891354203715,1|21819764303168,1|21878980053168,1|10002368080766,0.5|10003352521186,0.5|21747211493715,0.5|10003327101186,
10002367930766:0.166667|20684918740317,0.166667|20876052844091,0.166667|21470851684091,0.166667|21213077294091,0.166667|21337460963168,0.166667|21826808544091,0.166667|21884278154091,0.166667|21956650524091,0.166667|21935268550396,0.166667|21877987674091,
10002368080766:1|21761621323165,1|10003362991186,1|10003379271186,1|21891354203715,1|21819764303168,1|21878980053168,1|10002367890766,0.5|10003352521186,0.5|21747211493715,0.5|10003327101186,
10002368100766:0.25|20957946963662,0.25|21193161460512,0.25|21590163132410,0.25|21330305313662,0.25|10003208100766,0.25|21724358832411,0.25|21569843140834,0.2|21453774281896,0.2|21636520893662,0.125|10003214850766,
10002368370767:1|10003340630767,1|10003340640767,
10002368690767:0.5|21306901280496,0.5|21676696941029,0.25|21285908540224,0.166667|21895573451542,0.125|21936970630130,
10002368950767:1|10002455130767,1|10003123220767,0.333333|10002455620767,0.333333|10002816710767,0.25|10002369760767,0.2|10003107420767,0.166667|10003100430767,0.142857|10003267770767,0.0263158|10003191930767,
10002369050767:0.5|10002905990767,
10002369510767:
10002369760767:0.285714|10003107420767,0.25|10003121800767,0.25|10002368950767,0.25|10002455130767,0.25|21143516321479,0.25|10003100430767,0.25|21433612711504,0.25|21597656300088,0.25|20938136591479,0.25|10003123220767,
10002369780767:0.666667|21326013010382,0.5|21068695100158,0.333333|10003273940760,0.333333|10003243200760,0.333333|10003068320767,0.333333|10003243220760,0.333333|20790643273923,0.333333|20961104080137,0.333333|10002706420606,0.333333|21015450603494,
10002369790767:0.5|20364618791019,0.5|21536928201074,0.333333|21326013010382,0.25|10002369780767,0.25|21068695100158,0.25|21773710432270,0.0909091|10003233260761,
10002369820767:0.25|20668756220872,0.25|10002370530767,0.25|20666325770433,0.25|20695322103714,0.25|10003104900767,0.25|20708451670282,0.25|20709860290080,0.25|20946598660282,0.25|10003306680767,0.25|10002884920113,
10002369910767:1|21440958251006,1|21993876821427,1|21885151631006,1|21902780091006,0.5|21543045491427,0.5|21989242971427,0.5|21991847361427,0.333333|20839073600773,0.333333|21705690041427,0.333333|10003270300100,
10002370510767:0.5|10002818681144,0.25|21105932832177,0.25|10003191950767,0.2|21674483421875,0.166667|21802382512345,0.111111|10003352450767,0.0909091|10003233260761,0.0909091|10003367941144,0.0909091|10003255110767,0.0625|10003195510767,
10002370530767:0.5|21421234230668,0.25|10002369820767,0.0909091|21139225760668,0.0769231|21610800920668,0.00032175|10003272801181,
10002370540767:1|21419730763198,0.25|10002904070767,
10002370550767:0.0555556|21335219101545,0.037037|21463163440773,0.00787402|10003369151176,0.00436681|10003372591176,0.00359712|10003369141176,0.0018622|21741433173374,0.00148588|21771436360773,
10002370640767:1|10002370810767,1|21867576830077,0.0384615|21119318440907,0.0151515|21549121910905,0.004329|10003365750772,
10002370680767:1|10002370690767,1|10002370850767,1|10002536170767,1|10002772000767,0.5|10002771990767,0.333333|10002771980767,0.000884173|21460615612171,0.00032175|10003272801181,0.000240038|21181153232171,
10002370690767:1|10002370680767,1|10002370850767,1|10002536170767,1|10002772000767,0.5|10002771990767,0.333333|10002771980767,0.000884173|21460615612171,0.00032175|10003272801181,0.000240038|21181153232171,
10002370790767:
10002370810767:1|10002370640767,1|21867576830077,0.0384615|21119318440907,0.0151515|21549121910905,0.004329|10003365750772,
10002370850767:1|10002370680767,1|10002370690767,1|10002536170767,1|10002772000767,0.5|10002771990767,0.333333|10002771980767,0.000884173|21460615612171,0.00032175|10003272801181,0.000240038|21181153232171,
10002371640054:1|10002371680054,1|10002684710054,0.0222222|10003392241175,0.0178571|10003343360055,0.00617284|10003343380055,
10002371680054:1|10002371640054,1|10002684710054,0.0222222|10003392241175,0.0178571|10003343360055,0.00617284|10003343380055,
10002371770054:0.5|10002785880053,0.5|10002617281144,0.5|10002804600813,0.5|10002626851186,0.5|10002676380054,0.5|10002855301176,0.5|10002856650766,0.5|10003015301186,0.5|10002834760815,0.5|10002721050801,
10002372140054:0.333333|20873161903476,0.333333|20960318661407,0.333333|21135220301615,0.333333|20468037871937,0.333333|20614000841161,0.333333|21456706641132,0.333333|21652216410199,0.333333|21769361021019,0.333333|21423127243923,0.333333|21022599231002,
10002372260054:
10002373111181:
10002373331181:1|10002856981181,0.111111|10003273861181,0.00249377|10003310901181,0.00032175|10003272801181,
10002373781181:
10002376330102:0.333333|21841299333448,0.333333|21567195003448,0.333333|10003046480850,0.333333|21795517943596,0.25|10003184910761,0.222222|10002136810102,0.2|10003181070923,0.111111|10003299670102,0.0909091|10003355910102,0.0714286|10003116980102,
10002376340102:0.285714|10002449890102,0.25|21076440200315,0.25|10003201061177,0.25|10003056441177,0.25|20956057962527,0.25|21008140900077,0.25|10003286421177,0.25|21098153790095,0.25|20713156672526,0.25|10003209391177,
10002376350102:0.125|20711924660782,0.125|20846006740335,0.125|20961012363607,0.125|20609554610782,0.125|20695018553602,0.125|20961587150782,0.125|20977369983602,0.125|20983662993602,0.125|20777123653602,0.125|10003186961177,
10002377121177:0.0384615|10003241581177,0.0138889|10003294801177,
10002377520073:0.214286|10002313420073,0.2|20873781013697,0.2|21015914353665,0.2|20757469881172,0.2|21015914623665,0.2|21269477141172,0.2|21329842453665,0.2|21354172903665,0.2|21329842873665,0.2|20671521291172,
10002378510761:0.5|20803920183312,0.5|21630899202370,0.0714286|21917197111067,0.0434783|21816727751012,0.00900901|21810624751067,
10002380530761:0.153846|10003208470761,0.125|10003051740761,0.105263|10002477130761,0.1|10002789840761,0.1|10002713010111,0.1|10003031550111,0.1|10003123590762,0.1|10002755570761,0.1|20695155983663,0.1|10003098220762,
10002381861181:
10002387411181:0.4|10003297991181,0.25|21234709773342,0.25|21795879123342,0.25|21258267020458,0.25|21355561762255,0.2|21864116690458,0.2|20693754843342,0.2|10003041291181,0.166667|10003081371181,0.166667|10003211681181,
10002388271181:1|10003064520446,1|20994617710450,0.5|21844155523639,0.5|10002852020446,0.2|10002852030446,0.166667|10002732950446,0.166667|10002901780446,0.142857|10003020130446,0.0588235|10003388951181,0.0384615|10003276721181,
10002388351181:1|21245403620283,1|21256903380282,1|21717366710283,1|21243693370282,1|21243693400283,0.5|21344101390283,0.333333|21631321891942,0.333333|10003211321181,0.2|10002809831181,0.142857|10003375151181,
10002388451176:0.5|10002499741176,0.0714286|10003070561176,0.0625|21374384883539,0.0357143|10003294781176,0.0333333|10003070581176,0.0192308|10003216891176,0.0151515|10003216901176,0.0117647|10003211640816,0.00900901|10003216911176,0.00769231|10003369201176,
10002388471176:1|10002584920103,1|21685967073634,1|21718691213634,1|21718714543634,1|21850507803926,0.5|21357017913926,0.5|21458255873636,0.166667|20695090763634,0.142857|21367736703926,0.142857|21517195123923,
10002388491176:
10002390330769:1|10002648140769,0.333333|10002501400769,0.0357143|10003093340769,
10002390340769:
10002390380769:
10002390390769:0.2|10002643380769,0.2|20547376921486,0.2|20776497570283,0.2|21154043740085,0.2|10003335930769,0.2|21462413600077,0.2|21462413620077,0.2|21663636410079,0.2|20803715100283,0.2|10002883020769,
10002390410768:0.5|10003177000764,0.5|10002654830768,0.5|10003092800850,0.5|10003177020764,0.5|10003181470101,0.5|10003301970760,0.5|10003318760764,0.5|10003402270768,0.5|10003274430103,0.5|10003193610760,
10002390440768:1|10002390490768,1|21296705950355,1|21651071294285,1|21833476561006,1|10003123980761,1|21661341664285,0.5|10003117560100,0.5|10002750660768,0.333333|10003299830100,0.333333|10002679170770,
10002390490768:1|10002390440768,1|21296705950355,1|21651071294285,1|21833476561006,1|10003123980761,1|21661341664285,0.5|10003117560100,0.5|10002750660768,0.333333|10003299830100,0.333333|10002679170770,
10002390500768:0.204545|10002915640768,0.157895|10002755680768,0.146341|10002390970768,0.133333|10003066420768,0.115385|10003386180768,0.0869565|10002895740768,0.0645161|10003209870768,0.0454545|10003233130761,0.0454545|10003170341177,0.0454545|10003075000761,
10002390550768:1|10003041730101,1|21819478693707,0.00819672|10003261001177,0.0070922|10003300250101,0.00452489|10003244500101,
10002390840768:0.5|20875831833351,0.5|21265756893351,0.333333|10003119090768,0.333333|10003273490768,0.25|10003108470768,0.2|10003255220768,0.166667|10003116160768,0.166667|10003273500768,0.153846|10002873540768,0.0434783|10002755680768,
10002390970768:0.146341|10002390500768,0.142857|10002915640768,0.121212|10003066420768,0.119048|10002755680768,0.0882353|10003039280768,0.0666667|10003386180768,0.0588235|10003266060761,0.0588235|10003209870768,0.0555556|10002873540768,0.04|10002898490768,
10002391210769:0.333333|10002731920769,0.333333|21041663570773,0.333333|21171435523384,0.333333|10003118720769,0.333333|21315688140773,0.333333|21117960910773,0.333333|21560854430773,0.333333|21605675900773,0.333333|21382351840773,0.333333|10002731910769,
10002391220769:0.25|20466248440396,0.25|20886585882279,0.25|21263561353165,0.25|21026935062279,0.25|21263627593165,0.25|21276667252279,0.25|21276667552279,0.25|21321562242279,0.25|21276657882279,0.25|20997909042279,
10002391260769:0.5|10002391430769,0.333333|10003398630769,0.25|10003378130769,0.111111|10003392970769,0.0357143|10003093340769,0.0277778|10002817410769,
10002391300769:0.333333|10002643380769,0.333333|20776497570283,0.333333|20803715100283,0.333333|10003335930769,0.333333|10003314970769,0.333333|21225247732163,0.333333|21789857980433,0.333333|21857154280433,0.333333|10003315000769,0.333333|10002891220769,
10002391420769:0.111111|21248535142233,
10002391430769:0.5|10002391260769,0.25|10003398630769,0.2|10003378130769,0.111111|10003281240769,0.1|10003392970769,0.0344828|10003093340769,0.027027|10002817410769,0.0011976|10003272281181,
10002391610769:0.5|10002327540082,0.5|10002750251179,0.5|10002920650764,0.5|21359839660085,0.333333|10002893061177,0.25|10002675900815,0.2|10002904370103,0.2|10003197110761,
10002391740769:1|21933839802172,0.000240038|21181153232171,
10002391750769:
10002391840769:1|20904203781005,1|21040954241029,1|21315710672438,1|21507978511005,1|20938074561005,1|21635747791005,1|21652280550312,1|21678593760773,1|21456998562175,1|20646390164063,
10002391850769:0.5|21907208960622,0.5|10002704210769,0.5|21948958603168,0.5|22022809580824,0.5|10003050540769,0.5|20964965713342,0.25|10003067580769,0.25|10002902630769,0.25|21757978063168,0.166667|10003376710769,
10002391870769:0.5|20985976241005,0.5|21195687131005,0.5|21735506910773,0.5|20980214500773,0.5|21561962672462,0.5|21762138551005,0.5|21869250692230,0.5|21879722983529,0.5|21707549171005,0.5|20593555823530,
10002391890769:0.333333|10003210100769,
10002391900769:0.5|10002391910769,0.5|10002902650769,0.333333|10003125130769,0.333333|10003402390769,0.25|10003305410769,0.0833333|10002902660769,
10002391910769:1|10002902650769,0.5|10002391900769,0.5|10003125130769,0.5|10003402390769,0.0909091|10002902660769,
10002391920769:1|21685284661005,1|21987942341029,0.5|10003325580769,0.166667|21851509770301,0.0322581|10002915640768,0.000651042|21478214620376,
10002391940769:0.2|10002762730769,0.125|10003114180769,0.0555556|10003209240769,0.0526316|10003209250769,0.00649351|10003343341318,
10002391950769:0.153846|10003401840769,0.1|21263561353165,0.1|10002392080769,0.1|20886585882279,0.1|20466248440396,0.1|21096636471029,0.1|20997909042279,0.1|21263627593165,0.1|21026935062279,0.1|20898716710888,
10002391980769:0.5|21212182093612,0.5|21222197823612,0.5|21851243373656,0.5|21518986713612,0.5|21397769763612,0.5|21669150703213,0.5|21909056563612,0.5|21825061983656,0.5|21426087503141,0.333333|21726203373656,
10002392000769:0.25|10003110741182,0.25|20945338030239,0.25|21296802411007,0.25|20897604220791,0.25|20672355991007,0.25|21395693604033,0.25|21475336173226,0.25|21593449163613,0.25|21006492683613,0.25|20672506713613,
10002392010769:0.5|10002626851186,0.5|10002676380054,0.5|10002855301176,0.5|10002804600813,0.5|10002785880053,0.5|10002856650766,0.5|10003015301186,0.5|10003035301186,0.5|10002834760815,0.5|10002721050801,
10002392040769:0.222222|10002762740769,0.117647|10002914210815,0.117647|10002914200815,0.117647|10002392100769,0.117647|10002875380923,0.117647|10003137101373,0.117647|10003312120442,0.117647|10003059740767,0.117647|10002839890054,0.111111|10002871220601,
10002392080769:0.5|10003212750760,0.5|10003268860760,0.2|10003401840769,0.1|10002391950769,
10002392100769:0.5|21263561353165,0.5|21263627593165,0.5|21276657882279,0.5|20466248440396,0.5|20886585882279,0.5|21276667252279,0.5|21276667552279,0.5|21321562242279,0.5|21026935062279,0.5|20997909042279,
10002392240770:
10002392320770:0.5|21380653980097,0.5|10003063970770,0.5|10002608310770,0.25|10003191030801,0.2|21843186520077,0.125|10003087490770,0.0833333|21597944630059,0.0666667|10003253190770,0.0526316|10003119980770,0.0128205|10003115901177,
10002392390770:0.5|21737015290864,0.5|21307879760115,0.5|21641743090374,0.5|21751404451794,0.5|21352528961611,0.5|21814241090864,0.5|21872507120864,0.5|21889674931606,0.5|21810524890864,0.5|10003384981175,
10002392400770:0.25|10003196620770,0.25|21364130392475,0.25|21364130592475,0.25|10003171350770,0.25|20794728382475,0.25|10002689090770,0.25|21457727542475,0.25|21546712822475,0.25|20887920232475,0.25|10002689060770,
10002392670770:0.25|10002851990770,0.25|10002882400102,0.25|20357414270925,0.25|10003355530770,0.25|10002564230770,0.25|20719294640925,0.25|20756140741920,0.25|20928054133977,0.25|20764231200778,0.25|20653233833505,
10002392820770:0.0227273|10003259750113,
10002392860770:0.333333|21364130392475,0.333333|20887920232475,0.333333|21364130592475,0.333333|20794728382475,0.333333|21546712822475,0.333333|21886900051428,0.333333|21765508882475,0.333333|21457727542475,0.166667|10003211731181,0.166667|10002392400770,
10002392870770:1|21245653301919,1|21290261501005,0.333333|10003216700770,0.00197628|21781610180333,
10002392890770:0.5|21641743090374,0.5|20915075820773,0.5|21737015290864,0.5|21751404451794,0.5|21352528961611,0.5|21814241090864,0.5|21872507120864,0.5|21889674931606,0.5|21810524890864,0.5|21307879760115,
10002392900770:1|21343253550289,1|20693383423130,1|21170572761488,0.5|20394325863360,0.25|21351712560879,0.25|21088612473357,0.0625|21576180394234,0.00819672|10003284851178,0.00162602|10003355711177,0.0015456|21815747482300,
10002393090770:
10002393490771:
10002393670771:0.333333|10003378150771,0.333333|10003376670771,0.333333|20543796290351,0.333333|20200338280407,0.333333|10002849210771,0.333333|20409853270885,0.333333|20771261780885,0.333333|20820476363870,0.333333|20730801920105,0.333333|10002704230771,
10002393690771:
10002393760771:0.5|10002393770771,0.333333|10003094350771,0.2|10003300690771,0.166667|10003103370771,0.166667|10002921300766,0.166667|10002849210771,0.166667|10003175560100,0.166667|10002704230771,0.166667|10003179890766,0.166667|10003048920103,
10002393770771:0.5|10002393760771,0.333333|10002393780771,0.285714|10003055890771,0.2|10003300690771,0.166667|10002921300766,0.166667|10003048920103,0.166667|10002654930771,0.166667|10002849210771,0.166667|10003103370771,0.166667|10002704230771,
10002393780771:0.5|21040746640357,0.5|21040746660357,0.5|21311797160351,0.5|21432865850357,0.5|21859850870317,0.333333|10002393770771,0.142857|10002393760771,0.0232558|21831944660613,0.0163934|21787457750115,
10002393790771:1|21685968611479,
10002393900771:0.333333|10002816960771,0.00164204|21293821932300,0.00158479|21053814993620,
10002393940771:
10002393980771:1|21575028724228,1|21632601531005,1|21881708621005,0.142857|21241889271120,0.004329|10003365750772,
10002394090771:0.333333|21465143933804,0.333333|21146964223792,0.333333|21460805123766,0.333333|20898682483769,0.333333|10003069140771,0.333333|21552314383804,0.333333|21637810853766,0.333333|21651980423792,0.333333|21336660463797,0.333333|20672367963804,
10002394340771:
10002394410771:
10002394520771:
10002394860771:
10002394880771:0.5|20866839130095,0.5|20619843373166,0.5|20831303590095,0.5|20671575083911,0.5|10003110830098,0.5|20908058333919,0.5|20988730350087,0.5|20988730440087,0.5|20451200753329,0.5|10002894931177,
10002397520772:0.5|10002628970772,0.25|10002397530772,0.111111|10003161130601,0.0909091|10003044050772,0.047619|10003377970601,
10002397530772:0.25|10002904090772,0.25|20598714253312,0.25|21254589510788,0.25|21267148490130,0.25|10002751800772,0.25|21286023830130,0.25|21287135093643,0.25|21338920843643,0.25|10002397520772,0.25|10002867410772,
10002397560772:0.5|20692053054063,0.5|10002891830772,0.5|10002489010772,0.5|10003120930772,0.5|20606750613599,0.5|20709347840889,0.5|20711371180454,0.5|20777481000889,0.5|20660651354063,0.5|20603652580889,
10002397570772:1|10003109720772,0.5|10002593980772,0.5|10003064930772,0.5|10003068360772,0.5|10003211370772,0.5|10003340920772,0.333333|10003300710772,0.142857|10003285450769,
10002397690772:1|20986577550141,1|10003306510772,1|10003142141175,1|21063291563596,1|10003411570772,1|21120408042171,1|21426508260799,1|21458712882171,1|20721707783919,1|10003181420769,
10002397700772:0.5|10002477860772,0.5|20721707783919,0.5|20986577550141,0.5|10003181420769,0.5|10003142141175,0.5|10003306510772,0.5|21063291563596,0.5|21120408042171,0.5|10003411570772,0.5|10002397690772,
10002397740772:1|10002533400772,0.333333|10003214770772,0.2|10003233190761,0.125|10003283180772,0.111111|10003370360772,
10002397750772:0.5|10002533310772,0.5|20792593702101,0.2|10002789820772,0.142857|10002706320772,0.142857|10003406120772,0.0909091|10003044050772,0.0769231|10002533380772,0.004329|10003365750772,
10002397830772:
10002397970772:1|10002480290772,1|22012554482163,1|10002916680772,1|10002916710772,0.5|10003210160772,0.5|10002916000772,0.333333|10003406110772,0.333333|10003127340772,0.333333|10003174330772,0.25|10002915970772,
10002397990772:0.5|21819719050513,0.5|21544091612163,0.333333|21361340300216,0.333333|21426529661019,0.25|10003233350761,0.2|10003385051175,0.166667|21815745660216,0.0833333|21741002620216,0.0666667|10002906111144,0.03125|10003043620816,
10002398090772:
10002398140772:0.666667|10003284530772,0.5|10003126470772,0.333333|10002555830772,0.2|10002735970772,0.125|10002706320772,0.125|10003406120772,0.111111|10003395750772,
10002398150772:1|10002721280772,1|10003355831181,1|21886871580929,0.5|10002721260772,0.25|10002721240772,0.25|10003245561181,0.2|10002694750772,0.2|10002736530772,0.125|10003395750772,0.025|10003355281181,
10002398160772:1|21769070302404,0.00120627|21449129950921,
10002398170772:1|21550984610624,1|21320597320308,1|21575260634207,1|21931214340845,0.5|20578419040310,0.333333|21575050590829,0.333333|21370926023746,0.25|21600273720308,0.2|21983211040304,0.111111|21900263084207,
10002398180772:0.5|10002417100772,0.5|10003047700772,0.5|10003122350772,0.333333|10003281460772,0.333333|10002533310772,0.333333|10003370350772,0.25|10002685400772,0.25|10003300710772,0.142857|21276405583647,0.125|10002871690772,
10002398310772:0.5|21633445063522,0.5|20695827754143,0.333333|10003242320772,0.333333|21469991723524,0.25|20740943903524,0.166667|10003053251176,0.166667|10003237470816,0.166667|21366373550282,0.142857|10002804671176,0.142857|10003370020816,
10002401071175:1|10003230981175,0.5|10003264341175,0.25|10003255591175,0.2|10002475051175,0.2|10003311261175,0.142857|10003270481175,
10002401430073:0.136364|10002313420073,0.125|10002377520073,0.105263|10002615980073,0.0769231|20624167721439,0.0769231|20547497490132,0.0769231|10002576641180,0.0769231|20656941021439,0.0769231|20695204343700,0.0769231|20594520712128,0.0769231|10002670891180,
10002401630801:
10002402110801:0.1|21012411770066,0.0526316|21012412040066,
10002402120801:0.5|10003182941175,0.5|10003182981175,0.2|21404585091789,0.0416667|10003297241177,0.0204082|10003367031177,0.000883392|21460615612171,0.000239981|21181153232171,
10002406720813:
10002407200813:0.222222|10002845240813,0.2|10003171350770,0.2|10002407220813,0.2|10002845230813,0.2|10002689090770,0.2|10003196620770,0.2|21354327501005,0.2|21451998801005,0.2|20913912921005,0.2|10002649840813,
10002407220813:1|20913912921005,1|21354327501005,1|21451998801005,1|10002845230813,1|21652090850996,1|21749289381005,1|21902734750996,1|21927533180996,1|21833335991005,1|21757205611005,
10002407250813:0.5|10002407310813,
10002407310813:0.5|10002361480110,0.5|10002337820103,0.5|10002274120103,0.5|10002274330103,0.5|10002275420103,0.5|10002363110053,0.5|10002407250813,0.5|10002408310814,0.5|10002361510110,0.5|10002361460110,
10002407450813:0.5|10002756610813,0.4|10002757060813,0.4|10002407460813,0.4|10002756620813,0.333333|10003183390813,0.333333|10003110230813,0.333333|10002590120813,0.222222|10003216650813,0.2|10002274330103,0.2|10002363110053,
10002407460813:1|10002757060813,0.666667|10003110230813,0.666667|10002590120813,0.5|10002361480110,0.5|10002274330103,0.5|10002363110053,0.5|10002408310814,0.5|10002274120103,0.5|10002337820103,0.5|10002275420103,
10002407690813:
10002407700813:1|21620102363659,1|21637052111029,1|21116907771029,1|21600297661029,1|21047705361029,1|21318144190095,1|21806585701029,0.5|20948626103659,0.5|21745374313659,0.5|21600272023659,
10002408230814:1|21081743850085,1|10002780120814,1|21232838391091,1|20819983440984,1|10003317720814,1|21238910221091,1|21263379924036,1|21295673304036,1|21237024891091,1|10003197220764,
10002408240814:1|10002872770814,1|10003175830814,0.5|10002886350814,0.5|10003175810814,0.5|10003271590814,0.333333|10003270060814,0.25|10003074630814,0.2|10003358520814,0.2|10003175790814,0.142857|10002860460814,
10002408310814:1|10002361480110,1|10002337820103,1|10002274120103,1|10002274330103,1|10002275420103,1|10002363110053,1|10002427850484,1|10002452810923,1|10002361510110,1|10002361460110,
10002408320814:1|21733081541007,0.000475511|10003364331181,0.00043956|10003364291181,0.00032175|10003272801181,
10002408360814:1|20475600300115,0.00032175|10003272801181,
10002408440814:
10002408490814:1|21002850113675,
10002408530814:1|21284376193942,
10002409610816:0.5|20890867462433,0.5|21200848830077,0.5|21952364890153,0.5|21980912000087,0.5|21646915033649,0.5|21950523963697,0.5|20766902100097,0.333333|21118879571140,0.333333|10003075370816,0.333333|21693052120079,
10002409620816:0.166667|20759508082162,0.0243902|21519683542300,
10002409790816:
10002409860816:1|10003373610760,0.333333|10003374640102,0.0322581|10003313721177,0.0117647|21331675840333,
10002410370816:
10002410560816:
10002410610816:
10002410680816:
10002410690816:1|10002852070816,1|10003047800816,1|10003047810816,0.333333|10003238670816,
10002410700816:
10002410730816:0.333333|10003315690108,0.333333|21605647111008,0.333333|21902779091008,0.333333|10003359180108,0.333333|21770425651008,0.142857|21346416771008,0.111111|10003406490761,0.0666667|10003149530108,0.0666667|10003236390761,0.05|10003238390816,
10002410740816:0.333333|10002753440816,0.2|10002825300816,0.166667|10003228660816,0.166667|10002825320816,0.166667|10002715940816,0.142857|10002753460816,0.125|10003076900816,0.125|10003396790816,0.1|10003238690816,0.1|10003071830816,
10002410790816:0.2|21222226752575,0.2|21123822452575,0.2|21222226782575,0.2|21203189652575,0.2|21379679592575,0.2|21471548721411,0.2|21471548731411,0.2|21471550511411,0.2|21471548681411,0.2|20890867462433,
10002411050098:1|10003275720098,0.5|10003334160098,0.0434783|10003325800098,0.0344828|10003262310098,0.0114943|21175386862397,
10002411110098:0.333333|20287001243600,0.25|10002411120098,0.166667|10002678680098,0.0909091|10003262320098,0.04|10003325800098,0.0033557|21843346022454,
10002411120098:0.5|20287001243600,0.25|10002411110098,0.2|10002678680098,0.111111|20566838080153,0.003367|21843346022454,
10002411130098:1|21096154681474,0.0833333|21809174520896,0.00378788|20696207182520,0.00161551|21588447432411,
10002411390098:0.333333|10002701190098,0.2|10002434400098,
10002411630098:0.333333|20712428722529,0.333333|20821152313308,0.333333|20234577520389,0.333333|20708419942529,0.333333|21182404152529,0.333333|10003167230098,0.333333|21208418732529,0.333333|21227471502529,0.333333|21183166632529,0.333333|20692908322529,
10002411720098:0.5|10002764220098,0.166667|10002764210098,0.1|10003111280103,0.1|10003375040103,
10002411740098:1|10002895340053,1|10002739430053,1|10003184540098,1|10002641460601,1|10002578880053,1|10003245131186,1|10003282570601,1|10003300821176,1|10002308891176,1|10002818031177,
10002413350103:0.5|10003109060113,0.5|10003228150113,0.0833333|21815123163976,0.00283286|20935003130368,
10002413870766:0.166667|10003048490766,0.153846|10003115660766,0.153846|10003196700766,0.153846|10002739420766,0.1|10003249520766,0.1|10003249530766,0.0909091|20606350470239,0.0909091|20477539590613,0.0909091|20685070913165,0.0909091|10003104960766,
10002413890766:0.5|10003179900766,
10002413900766:0.00925926|10003243451175,
10002414100769:0.5|10003094620769,0.333333|20122285520284,0.333333|10003338140769,0.333333|20783523661005,0.333333|20714629681005,0.333333|20783523741005,0.333333|20818954373705,0.333333|20904198531005,0.333333|20864104133705,0.333333|20593492333596,
10002414300101:
10002414350101:0.5|20686986882177,0.5|10002504000101,0.5|20760252722303,0.5|20669821294048,0.5|20845245332177,0.5|20944518212303,0.5|20963131590885,0.5|21035986472175,0.5|20891820320879,0.5|20616344382185,
10002415210111:0.5|21509764903887,0.5|10002415830111,0.5|21737590952286,0.5|20800653263426,0.5|21762425673923,0.5|21918312721188,0.5|21918313151188,0.5|22017107432286,0.5|21900517201188,0.5|20746556503168,
10002415440111:0.5|20961684580192,0.5|21703317062294,0.5|21346065690985,0.333333|10003263220111,0.25|10003116130111,0.166667|10003263240111,0.142857|10003259470111,0.1|10003353130111,0.1|10003343410111,0.0333333|10003259650111,
10002415530111:1|10003249690111,1|10003106150111,1|10002893740111,1|10002893730111,1|10003111540111,1|10003416010111,1|10002913590111,0.5|10002913600111,0.333333|10003111920111,0.25|10003353090111,
10002415830111:0.5|10002415210111,
10002415850111:0.00529101|21875367600999,
10002415880111:0.333333|21326885230929,0.2|10002416430111,0.125|10003111580111,0.125|10003214830111,0.0555556|21234506610357,
10002415890111:0.5|20409969311440,0.166667|21848228611440,0.1|21975257831440,0.0833333|10003262470111,0.0434783|21977963381440,0.04|21974662511440,0.0344828|21935627361440,0.0333333|10003259650111,0.0243902|21978776711440,0.0181818|21969493731440,
10002416430111:0.333333|10002715290111,0.333333|21019824934131,0.333333|21602113254130,0.333333|10002416770111,0.333333|21611151964130,0.333333|21737238730115,0.333333|21746503214130,0.333333|21803714771326,0.333333|21622001184130,0.333333|21159891354131,
10002416460111:
10002416600111:0.111111|21262762953975,0.111111|10003268781175,0.111111|21175702413399,0.111111|10003399621177,0.111111|10003134951373,0.111111|21441478903132,0.111111|21569776584204,0.111111|21575733674204,0.111111|21204344590773,0.111111|20970718783975,
10002416770111:1|21159891354131,1|21611151964130,1|21746503214130,1|21602113254130,1|10002715290111,1|21622001184130,1|21881801014130,1|21803714771326,1|21019824934131,0.5|21997249670336,
10002416780111:0.2|10003355011141,0.2|10002617281144,0.2|20729116253736,0.2|20532187721115,0.2|10002416770111,0.2|21159891354131,0.2|21385949634237,0.2|21387275960901,0.2|21019824934131,0.2|10002715290111,
10002417090772:
10002417100772:1|10003047700772,1|10003122350772,0.5|10003281460772,0.5|10002533310772,0.5|10003370350772,0.5|10002398180772,0.333333|10002685400772,0.333333|10003300710772,0.166667|21276405583647,0.142857|10002871690772,
10002419010814:1|10003375340814,1|10003375330814,1|21652784001007,1|21800263403301,1|10002478480814,1|21713625791007,1|10002869120814,0.5|10003213060814,0.5|10002869130814,0.5|10003272320814,
10002419940923:0.2|10003196871182,0.0238095|10003263561182,0.00411523|10003212870767,
10002420120923:0.0769231|10003277050923,
10002420180923:0.333333|10003188440923,0.0123457|10003207420814,
10002420190923:0.012987|21147167790613,
10002420350923:1|20892425130994,
10002420360923:
10002421840771:0.333333|21198514351005,0.333333|21007238211395,0.333333|20760011610066,0.333333|20939024453891,0.333333|21244852620284,0.333333|21626958684048,0.333333|21642075873395,0.333333|21642137853395,0.333333|21278887953395,0.333333|21107838882605,
10002421860771:0.5|10002421930771,0.5|21940221190248,0.333333|21646452051474,0.333333|21724114834285,0.333333|21902109864254,0.1|21919464944201,0.0416667|10003376141177,0.00280899|21231005653336,0.00201613|10003298701177,
10002421880771:
10002421910771:1|20776865604137,1|21105122573128,1|21128425863746,1|21428833760634,1|21455962533683,1|21589666683523,0.5|10003362810771,0.5|20944725113670,0.2|21455642473631,0.2|21493750781545,
10002421930771:0.5|10002421860771,0.0434783|10003376141177,0.0020202|10003298701177,
10002424960101:1|21819487693653,
10002425480761:0.333333|10003087710761,0.230769|10003122210761,0.166667|10003090740442,0.166667|10003155710442,0.166667|10003090750442,0.166667|10003155680442,0.166667|10003155700442,0.166667|20419321210444,0.166667|10003100160442,0.166667|10003100150442,
10002426400484:0.5|21924198250115,0.5|21355030710667,0.5|21918276531326,0.5|21758324702170,0.5|10002426410484,0.333333|21796363751326,0.333333|21549135911326,0.333333|21800909140115,0.333333|21383646881326,0.25|21780479831326,
10002426410484:0.5|10002426400484,0.111111|10002579920484,
10002426500484:1|20643763121172,1|10002905661175,1|20598193631172,1|10003075991175,1|20757011010115,1|20694630793604,1|20709368750097,1|21081399640066,1|20902204412458,1|20706602290066,
10002426560484:0.333333|10002640990484,0.027027|21504033160346,
10002426580484:0.166667|10003183360484,0.125|20420940283554,0.125|10003274770484,0.125|20292947663717,0.125|10003336350484,0.125|20288121863395,0.125|20496901783717,0.125|20499254290496,0.125|20420939883554,0.125|20369862621127,
10002426670484:0.5|10002626851186,0.5|10002676380054,0.5|10002855301176,0.5|10002804600813,0.5|10002785880053,0.5|10002856650766,0.5|10003015301186,0.5|10003035301186,0.5|10002834760815,0.5|10002721050801,
10002426690484:0.25|10003139830484,0.25|21723700881439,0.125|10003372660484,
10002426730484:0.333333|10003317061187,0.25|10002680030484,0.111111|10002579920484,0.0909091|10003355321187,0.0833333|10003127770484,0.0714286|10003411470814,0.0555556|10003128120484,0.0263158|10003355160814,0.00212766|10003076850816,0.00182149|10003207370814,
10002426860484:1|21817246990131,1|21553823870910,1|20808992320304,1|21775476083316,1|21613522703300,1|21431636971029,1|21919575973894,1|21944006700132,1|21423861770382,1|21763575313922,
10002426880484:1|21819302540613,0.333333|21293909550248,
10002426910484:
10002427010484:
10002427320484:0.333333|20984736212525,0.333333|10002525790484,0.333333|21296387482525,0.333333|10003139780484,0.333333|21017175752525,0.333333|10002671030484,0.333333|21328668672525,0.333333|21712007442525,0.333333|10003114900484,0.285714|10003139800484,
10002427470484:1|10002819480484,0.333333|10003114460484,
10002427580484:1|10003339840484,1|20631706344161,1|21072854313395,
10002427750484:0.25|10003336350484,0.25|10002427770484,0.25|21689088534291,0.2|20480708720398,0.2|21834447280496,0.2|21979346931005,0.2|10002533410772,0.166667|10003302920772,0.166667|20823992260402,0.166667|10003214770772,
10002427770484:0.25|10002427750484,
10002427850484:1|10002361480110,1|10002337820103,1|10002274120103,1|10002274330103,1|10002275420103,1|10002363110053,1|10002408310814,1|10002452810923,1|10002361510110,1|10002361460110,
10002428381176:0.333333|20897685550069,0.333333|20891083720871,0.333333|21132954770999,0.333333|20735778540807,0.333333|10002906231186,0.333333|21061509530871,0.333333|21298479490807,0.333333|21680540740824,0.333333|21268641060807,0.333333|20488607380807,
10002428401176:0.222222|10002897141182,0.222222|10002839840054,0.2|10002361480110,0.2|10002274120103,0.2|10002337820103,0.2|10002274330103,0.2|10002363110053,0.2|10002408310814,0.2|10002275420103,0.2|10002427850484,
10002428431176:1|10002744651176,1|10002891411176,0.25|10002730131176,0.00390625|10002852000446,
10002428441176:
10002429220766:0.0714286|10003255340766,0.0357143|10003107620766,
10002430411181:0.0384615|10003215791181,0.00900901|10003403971181,
10002431310814:0.285714|10002748730814,0.25|10003175790814,0.2|10002587470761,0.2|10003317720814,0.2|10003088470814,0.2|10002408230814,0.2|10003242430814,0.2|20288200513395,0.2|10003197220764,0.2|10002780120814,
10002431320814:0.25|20756013320471,0.0625|20885241624206,0.0434783|10003282771181,0.0153846|10003372581176,0.00390625|10003344191187,0.00295858|10003210831180,0.00274725|10003368021180,0.00147493|10003058281181,0.00143472|10003293011177,0.000650195|21478214620376,
10002431630600:1|10002891151182,1|21865655952268,0.5|10003222600601,0.333333|10003042281181,0.166667|10003137841180,0.0169492|10003137861180,0.00401606|10003216931176,0.000884173|21460615612171,0.000702741|21351664882171,
10002431790602:1|21441032981636,
10002431900082:0.166667|21487691200336,
10002433550053:1|20961671991703,1|21089439650383,0.333333|21288555771580,0.0285714|10003355291181,
10002433720053:1|10003078880053,1|21835987370364,0.00284091|20935003130368,
10002433820053:0.206897|10002883170053,0.0833333|10003086580053,0.0508475|10003355590053,0.0434783|10002873270053,0.0434783|10003015460053,0.0434783|10002713350053,0.0434783|10002879390053,0.0434783|10003060900053,0.0434783|10002713400053,0.0434783|10003019400053,
10002434090101:1|10002271600101,0.2|10003223460100,
10002434201179:1|10002882531179,0.2|10003377910601,0.125|10003377890601,
10002434260761:0.333333|21459850710457,0.333333|21303134250112,0.333333|21459850760457,0.333333|21186809450245,0.333333|21880661631019,0.333333|21908385140433,0.333333|21952997953839,0.333333|22022024030433,0.333333|21883501020433,0.333333|21787879950245,
10002434320761:0.25|20783469391645,0.25|20716326121007,0.25|21220872960216,0.25|10003384340770,0.25|20949079370115,0.25|21293757530158,0.25|21293817250369,0.25|21382355691007,0.25|21226341530115,0.25|20672315671007,
10002434330761:0.4|10003109240761,0.111111|10003197190761,
10002434370766:0.333333|20716276933282,0.333333|21377645743282,0.333333|21085204903592,0.25|21520611011645,0.25|10002434380766,0.142857|10002701540766,0.142857|10002916120766,0.125|10002916110766,0.111111|10002913570766,0.1|10003401751318,
10002434380766:0.5|20964016221935,0.25|10002434370766,0.166667|10002701540766,0.166667|10002916120766,0.142857|10002916110766,0.111111|10003401751318,
10002434400098:0.25|20963458383330,0.25|21242062653330,0.25|21302863750307,0.25|10003102160098,0.25|20233044040307,0.2|10002411390098,0.2|10002701190098,0.2|20618409280307,0.166667|20424310443329,0.00675676|21483560192171,
10002434631180:0.133333|10003205541180,0.125|21756109781002,0.105263|10003281591180,0.0869565|10003214701180,0.0714286|10002537831180,0.0645161|10003077541180,0.0612245|10002775611180,0.0588235|20876906621172,0.0588235|20834283193658,0.0588235|20723255200280,
10002435140113:
10002435150113:1|10002758700113,1|10003199140113,0.5|10003036410113,0.25|10003067960113,0.2|10003115330113,0.2|10003199130113,0.125|10003259760113,0.111111|10003400510113,0.047619|10003302770113,
10002436211181:0.5|20710821530080,0.5|10003116901181,0.5|21106866921003,0.5|21515653600080,0.5|10003123431181,0.5|21559410320079,0.5|21637478270063,0.5|21674675440080,0.5|21197636773922,0.5|21180251620080,
10002436491177:1|20887002880420,1|20394083420286,1|20793651060512,1|20827628130420,1|10002879241177,1|21195409270624,1|21244615890286,1|21318622050624,1|21203100400624,1|21201151970668,
10002436501177:0.25|20893559153494,0.25|21766717100183,0.25|21140568170183,0.25|21357407233482,0.25|20713301820080,0.25|21905900060183,0.25|21909643503494,0.25|21952367531580,0.25|21889342901432,0.25|21357037233494,
10002436960761:0.5|20751138603531,0.5|21946920351007,0.5|21908214671007,0.5|21182838413312,0.5|21835663231007,0.333333|20624465871007,0.2|10003407330761,0.2|10003233230761,0.111111|10003233280761,0.0909091|10003233260761,
10002437890762:
10002438000772:1|10003215111373,1|21879767061007,0.5|10003383260761,0.5|21685609960187,0.1|10003383250761,0.0769231|10003367991180,
10002438260762:0.5|20891838312219,0.5|10003171490762,0.5|21024180702219,0.5|10002770240762,0.5|21149104772219,0.5|21013333732219,0.5|21206793102219,0.5|21295302992219,0.5|21188997412222,0.5|21059305992219,
10002438290762:0.2|21303084451005,0.2|21319812851860,0.2|21428629422137,0.2|21294887720773,0.2|20808391720905,0.2|21528811303168,0.2|21551872091005,0.2|21605655240773,0.2|21360657801005,0.2|21299337243165,
10002438310762:1|20310860890088,1|20484401540381,1|21487689430338,1|21337840030088,1|20789140480345,1|21472629090345,1|21603825870336,1|21727352240348,1|21517210901007,1|21087032400348,
10002438650100:0.00675676|10003353841180,0.00515464|10003362871177,
10002439220098:0.0196078|20511134592457,
10002444260073:0.0833333|10002313420073,0.0666667|10003187001177,0.0384615|10003363191177,0.037037|10003297251177,0.0277778|10003363201177,0.0263158|10003324891177,0.00869565|10003298831177,
10002444290814:0.5|10003268350814,0.5|21973256651007,0.5|10003203310814,0.5|21424621963790,0.5|10003268340814,0.333333|10003173940814,0.333333|10003312670814,0.25|10002802070814,0.142857|10003245380814,0.125|10003121420814,
10002444800103:0.0392157|21939360994240,0.037037|21819847211401,0.0363636|21227761610278,0.0357143|21092450242171,0.0344828|20944649070239,0.0344828|20889430531767,0.0344828|20620642533664,0.0344828|20962979171566,0.0344828|20823327130311,0.0344828|20618886513604,
10002444830814:0.5|10002857200100,0.5|21145135230286,0.25|10003224060100,0.2|10003384590100,0.2|10003384640100,0.2|10003223470100,0.166667|10003273110100,0.166667|10003263450100,0.142857|10003336540100,0.142857|10003254520100,
10002444960814:0.5|20946124160350,0.5|21013377112225,0.5|20756587763592,0.5|21261712570351,0.5|20879066653592,0.5|21400926830894,0.5|21512679941428,0.5|21754121693847,0.5|21731767630129,0.5|21247607700894,
10002444970761:0.181818|10003046300813,0.166667|10002790880761,0.125|10003340900769,0.125|10003304070813,0.125|10003121840813,0.125|10002308561176,0.125|10003371420601,0.125|10003371690601,0.125|10003401010601,0.125|10003265480761,
10002444990103:0.333333|21691669750456,0.333333|21925024450456,0.25|21459924480456,0.25|21879945890456,0.0454545|10003408021177,
10002445000103:0.5|21012617292171,0.5|10002737820100,0.5|21226690342172,0.5|21070659942470,0.5|10002777740761,0.5|21097215542174,0.5|21330815562313,0.5|21394049133178,0.5|21300786152171,0.5|21299829603198,
10002445030103:0.333333|10002875410923,
10002445060103:0.5|10002741720103,0.5|20705732832411,0.5|20787885873825,0.5|20977370483603,0.5|10002870180103,0.5|21053066081008,0.5|21374727873804,0.5|21440940330084,0.5|21066824103603,0.5|10003042920113,
10002445150103:1|10003274630103,1|10003046110103,1|21536685311074,1|21334690813500,1|20827012593395,1|21922374643698,1|21987240430288,1|21822002263717,1|20683122492131,0.5|10002765510103,
10002445160103:0.2|10003110950103,0.166667|21908380650456,0.166667|21444344051008,0.166667|10003268781175,0.166667|20776454211050,0.166667|21567130013312,0.166667|20594747643312,0.166667|21810484513312,0.166667|21675205670456,0.142857|10002445300103,
10002445200103:1|20526720191008,1|21191774741008,1|21458374091008,1|21651729311008,1|21900576980066,1|21950212691008,1|21967095771008,0.5|21931046011008,0.25|10002701200103,0.166667|10003400730103,
10002445210103:0.5|20835969190773,0.5|20875938070773,0.5|20437731903264,0.5|20772009503257,0.5|20698136570773,0.5|20193233161029,0.5|10003297420103,0.5|20998843062144,0.5|20959989600799,0.5|20753949083257,
10002445240103:1|21659573904002,1|10003060930103,1|10002275180103,1|21469219224002,1|21457468174003,1|21457278784003,0.333333|10003347790103,0.25|10002337860103,0.166667|21148202052436,0.166667|10002913540103,
10002445280103:1|21432077860096,1|21397438900368,1|21565958130368,1|22000221280368,1|20819870040368,1|21524659970368,0.5|21225851050278,0.5|21841322913132,0.5|21363219860096,0.5|10002445300103,
10002445300103:0.5|21432077860096,0.5|20819870040368,0.5|21397438900368,0.5|10002445280103,0.5|22000221280368,0.5|21444344051008,0.5|21524659970368,0.5|21565958130368,0.333333|21225851050278,0.333333|21363219860096,
10002445340103:0.333333|10003305100103,0.333333|10003201880103,0.333333|21299829603198,0.333333|21970665282313,0.333333|10002777740761,0.333333|21993858722313,0.333333|21816940712313,0.333333|21330815562313,0.25|10002445000103,0.25|10003061060103,
10002445370098:0.333333|10002455010098,0.333333|10002869990098,0.333333|10002664480098,0.333333|10002879760098,0.333333|10002729670098,0.333333|10002890150098,0.333333|10003018610098,0.333333|10003045030098,0.333333|10002445380098,0.333333|10002455000098,
10002445380098:1|10002664480098,1|10002879760098,1|10002729670098,1|10002869990098,1|10002455010098,1|10002455000098,1|10003045030098,1|10003236400762,1|10003018610098,1|10002890150098,
10002445480770:0.25|10003405950770,0.25|10002799840110,0.25|21426934963164,0.25|20986811012473,0.25|21022550491005,0.25|21016080001005,0.25|21597868240773,0.25|21865556470115,0.25|21397860900897,0.25|20717423740924,
10002445490770:0.2|21268845560496,0.2|10003127090760,0.2|20672527381007,0.2|20803903083193,0.2|21365392890668,0.2|21419807080668,0.2|21419807090668,0.2|21423760923664,0.2|21411157753193,0.2|10003239310763,
10002445620102:1|20223653140241,1|20667658360241,1|20229806742176,1|20600894300241,1|20317530130241,1|10003185090102,1|20667658760241,1|20667659540241,1|10003295600102,1|20431036730241,
10002446351176:0.333333|20702766552522,0.333333|21548450040471,0.333333|21804026610449,0.333333|21881388000444,0.25|21955148233887,0.25|10003074741176,0.2|21455272472520,0.2|21472652083887,0.142857|10003053251176,0.142857|21761868650449,
10002449890102:0.285714|10002376340102,0.2|10002871760102,0.2|10002871750102,0.2|21327110992171,0.2|21743337792171,0.2|21758452562171,0.2|21598343172171,0.166667|21430910442171,0.142857|10002136850102,0.142857|21170388112171,
10002451010767:0.5|10002819640767,0.5|10002455630767,0.333333|10002819650767,0.25|10002455620767,0.25|10003282760767,0.25|10003255050767,0.2|10003268530767,0.2|10003282140767,0.142857|10003268540767,0.142857|10003255140767,
10002451080103:0.5|20508557570449,0.5|21367799670493,0.5|21678960283707,0.5|10002868070103,0.5|21767716290493,0.5|20606729880493,0.5|21915601731067,0.5|21233323082238,0.333333|21564904782393,0.333333|10002671280103,
10002451100102:0.5|10003092980102,0.142857|10003322550102,0.0769231|10002586900102,0.0769231|10003290110102,0.0416667|10003244490101,0.00452489|10003244500101,
10002451990054:
10002452040054:0.2|10002361480110,0.2|10002337820103,0.2|10002274120103,0.2|10002274330103,0.2|10002275420103,0.2|10002363110053,0.2|10002408310814,0.2|10002427850484,0.2|10002361510110,0.2|10002361460110,
10002452050054:0.2|10002452040054,
10002452170772:0.333333|10002452180772,0.333333|20729356863715,0.333333|20870260203715,0.142857|10002736530772,0.133333|10003328700772,0.1|10003395750772,0.0625|10003283821177,
10002452180772:1|20729356863715,1|20870260203715,0.333333|10002452170772,0.125|10003395750772,0.0714286|10003328700772,
10002452460769:1|10002804640769,0.5|10002452470769,0.5|10002902590769,0.2|10002902600769,0.142857|10003094610769,0.142857|10003125120769,
10002452470769:0.5|10002452460769,0.5|10002804640769,0.333333|10002902590769,0.166667|10002902600769,0.125|10003094610769,0.125|10003125120769,
10002452480103:
10002452521179:0.5|10002858081179,0.384615|10002867781179,0.1875|10003341001179,0.166667|10003188001179,0.166667|20886827410618,0.166667|10002752231179,0.166667|10003323041179,0.166667|21304477010879,0.166667|20606091220286,0.166667|10002659930770,
